1 0.24630729166666668 0.35102777777777777 0.07542708333333333 0.13168981481481482
1 0.24045052083333335 0.45752314814814815 0.04548177083333334 0.08541666666666667
1 0.188234375 0.6557175925925925 0.1582421875 0.29661574074074076
1 0.1809453125 0.8976435185185185 0.1061640625 0.20176388888888888
1 0.6043489583333332 0.7399907407407408 0.11963281249999999 0.335537037037037
1 0.7250416666666666 0.6466759259259259 0.12404166666666666 0.18131944444444442
1 0.71775 0.7909074074074074 0.13029166666666667 0.12255555555555557
1 0.7462630208333334 0.7932222222222222 0.13783854166666665 0.13644907407407408
1 0.756546875 0.9284722222222223 0.16101041666666666 0.14305555555555555
0 0.7216458333333333 0.5145370370370371 0.0694765625 0.03259722222222222
0 0.7211093749999999 0.533587962962963 0.06742708333333333 0.029912037037037036
0 0.7206692708333333 0.5526435185185186 0.05776302083333333 0.030699074074074077