1 0.25438020833333336 0.3533425925925926 0.0759453125 0.1270601851851852
1 0.24370312500000002 0.4605324074074074 0.04938802083333334 0.08680555555555555
1 0.19357291666666668 0.6638194444444444 0.1600625 0.2952268518518519
1 0.18667447916666668 0.9006944444444445 0.10720572916666667 0.1986111111111111
1 0.603046875 0.7503935185185184 0.12223697916666666 0.14800925925925926
1 0.6047395833333333 0.7409166666666667 0.12301822916666666 0.3373888888888889
1 0.7295989583333333 0.6438981481481482 0.11492708333333333 0.1757638888888889
1 0.7522526041666667 0.7899814814814814 0.13419270833333333 0.13922685185185185
1 0.7562864583333333 0.925 0.15528385416666665 0.15
0 0.7256067708333334 0.5150046296296297 0.06880989583333334 0.029231481481481483
0 0.7248098958333333 0.5349444444444444 0.06858333333333334 0.02948148148148148
0 0.72471875 0.5557361111111112 0.05748177083333333 0.03062037037037037