1 0.25281770833333334 0.35658333333333336 0.0728203125 0.1242824074074074
1 0.23472135416666667 0.45729166666666665 0.04444010416666667 0.08958333333333333
1 0.18341927083333334 0.6624305555555555 0.15537760416666666 0.30541666666666667
1 0.17613020833333334 0.9001898148148149 0.0991328125 0.1929675925925926
1 0.6029166666666667 0.7388333333333333 0.11416666666666667 0.33785185185185185
1 0.7247812499999999 0.6441296296296296 0.1183125 0.17159259259259257
1 0.7467838541666667 0.7960046296296296 0.1388802083333333 0.14200462962962965
1 0.7290781249999999 0.8142916666666666 0.13471614583333333 0.12765740740740741
1 0.750296875 0.9365740740740741 0.1589296875 0.12685185185185185
0 0.7200208333333333 0.5151018518518518 0.07012239583333332 0.030712962962962966
0 0.7192395833333334 0.5308333333333333 0.06855989583333333 0.02149074074074074
0 0.7191562499999999 0.5542037037037036 0.05890364583333333 0.029532407407407407