1 0.25086458333333334 0.35426851851851854 0.0663125 0.12891203703703702
1 0.2391484375 0.45358796296296294 0.0480859375 0.08217592592592593
1 0.18459114583333333 0.6594166666666667 0.15094791666666665 0.30032870370370374
1 0.17873177083333333 0.9030092592592592 0.1147578125 0.19398148148148148
1 0.6013541666666666 0.7321203703703704 0.12145833333333332 0.3475740740740741
1 0.7250416666666666 0.6395 0.113625 0.18085185185185185
1 0.7210052083333333 0.7964629629629629 0.12378125 0.13367129629629632
1 0.7439192708333333 0.7960046296296296 0.13835937499999998 0.14200462962962965
1 0.7509479166666666 0.9331018518518519 0.15762760416666666 0.1337962962962963
0 0.7218255208333333 0.5126805555555556 0.06840625 0.03140277777777778
0 0.7209817708333334 0.5358148148148147 0.06913020833333333 0.03151388888888888
0 0.7213437500000001 0.5526111111111112 0.05536979166666667 0.029694444444444443