1 0.24813020833333335 0.35426851851851854 0.07386458333333333 0.12891203703703702
1 0.24032031250000002 0.46122685185185186 0.04990885416666667 0.089125
1 0.189796875 0.6587268518518518 0.1551171875 0.29800462962962965
1 0.1821171875 0.9030092592592592 0.10590364583333334 0.19398148148148148
1 0.6023958333333332 0.7418425925925927 0.12353906249999999 0.33924074074074073
1 0.7269947916666666 0.6381111111111111 0.10971875 0.1688148148148148
1 0.6941848958333333 0.7872037037037036 0.1274296875 0.13366666666666668
1 0.7480859375000001 0.78975 0.14669010416666667 0.14339351851851853
1 0.7519895833333333 0.9238425925925926 0.15971093749999998 0.15231481481481482
0 0.7228984374999999 0.5139814814814815 0.0705859375 0.03099537037037037
0 0.7216145833333333 0.5339212962962963 0.06958333333333333 0.029217592592592594
0 0.72309375 0.5519259259259259 0.056361979166666666 0.03050925925925926