1 0.19513541666666667 0.663125 0.1527734375 0.29291203703703705
1 0.19149218750000002 0.9053240740740741 0.10381770833333334 0.18935185185185185
1 0.25672395833333334 0.3602916666666667 0.07542447916666667 0.13168981481481482
1 0.24500520833333334 0.4667824074074074 0.046783854166666666 0.08542129629629629
1 0.3397890625 0.5464259259259259 0.08009895833333333 0.09655555555555556
1 0.6116380208333333 0.7402222222222222 0.12379947916666666 0.34988888888888886
1 0.7293385416666667 0.6506157407407407 0.10919791666666666 0.1845601851851852
1 0.7535546875 0.795074074074074 0.13158854166666667 0.1401527777777778
1 0.7564166666666666 0.9296296296296296 0.16335416666666666 0.14074074074074075
1 0.7273203125 0.5185601851851851 0.0713671875 0.029175925925925928
1 0.7265911458333334 0.538537037037037 0.06927083333333334 0.02624537037037037
0 0.7258307291666667 0.557837962962963 0.0550546875 0.026476851851851852