1 0.19708854166666667 0.6659027777777777 0.15928124999999999 0.29847222222222225
1 0.2580260416666667 0.35797685185185185 0.0728203125 0.13631944444444444
1 0.248390625 0.46585648148148145 0.04834375 0.08356944444444445
1 0.19175260416666667 0.9041666666666667 0.09913020833333334 0.19166666666666668
1 0.41478125 0.5948148148148148 0.11549999999999999 0.13314814814814815
1 0.6095572916666666 0.737675925925926 0.11963281249999999 0.3401666666666667
1 0.7272552083333333 0.6455185185185185 0.12586197916666667 0.18363425925925925
1 0.7522526041666667 0.794611111111111 0.13419270833333333 0.1299675925925926
1 0.757328125 0.9325972222222223 0.15736718749999998 0.12815277777777778
0 0.7272682291666667 0.5185000000000001 0.07253385416666666 0.03174074074074074
0 0.726671875 0.5372314814814815 0.070546875 0.022555555555555554
0 0.7273541666666666 0.5582824074074074 0.062486979166666665 0.030824074074074073