1 0.25477083333333334 0.3612175925925926 0.0689140625 0.13354629629629627
1 0.24917187500000001 0.46585648148148145 0.04470052083333333 0.08356944444444445
1 0.19852083333333334 0.6649768518518518 0.15433333333333332 0.29662037037037037
1 0.18823697916666668 0.9041666666666667 0.11032812500000001 0.19166666666666668
1 0.468421875 0.6371851851851852 0.12903125000000001 0.1484398148148148
1 0.6111171875 0.7344351851851852 0.1227578125 0.34294444444444444
1 0.7293385416666667 0.644824074074074 0.10919791666666666 0.17761574074074074
1 0.7540755208333334 0.7895185185185185 0.14304427083333332 0.14756018518518518
0 0.7574583333333333 0.9296296296296296 0.1550234375 0.14074074074074075
0 0.7258854166666667 0.5182777777777778 0.06951041666666667 0.030708333333333334
0 0.7242994791666667 0.5350925925925926 0.07172395833333334 0.02177314814814815
0 0.7269036458333333 0.5564861111111111 0.05598177083333333 0.024120370370370372