1 0.2564635416666667 0.35820833333333335 0.0696953125 0.13215277777777779
1 0.24813020833333335 0.46585648148148145 0.0426171875 0.08356944444444445
1 0.372859375 0.5691157407407407 0.0889453125 0.11415740740740742
1 0.19839062500000001 0.6624305555555555 0.15667708333333333 0.2868935185185185
1 0.19240364583333333 0.9064814814814814 0.10824479166666667 0.18703703703703703
1 0.6109895833333333 0.7425370370370371 0.11468489583333333 0.34525925925925927
1 0.7293385416666667 0.6438981481481482 0.10919791666666666 0.1757638888888889
1 0.7525130208333334 0.8020231481481481 0.12950520833333334 0.14478703703703705
1 0.7556354166666667 0.9331018518518519 0.1565859375 0.1337962962962963
0 0.7269322916666667 0.520087962962963 0.07075520833333333 0.031171296296296294
0 0.7264635416666666 0.5394768518518518 0.06919270833333332 0.02884259259259259
0 0.7263385416666667 0.5594259259259259 0.0589453125 0.029847222222222223