1 0.19578645833333336 0.6522407407407407 0.16188541666666667 0.2850416666666667
1 0.2560729166666667 0.3591342592592593 0.06630989583333333 0.1340046296296296
1 0.24695833333333334 0.45567129629629627 0.042877604166666666 0.08171296296296296
1 0.4955026041666667 0.6621851851851852 0.131109375 0.1428935185185185
1 0.6096874999999999 0.7379074074074075 0.1172890625 0.336
1 0.7303802083333333 0.6471388888888888 0.11128125 0.1729861111111111
1 0.7491276041666667 0.796699074074074 0.13835937499999998 0.14802314814814815
1 0.7551145833333333 0.9319444444444445 0.15554427083333333 0.1361111111111111
1 0.19136197916666667 0.8972222222222223 0.09574739583333333 0.20555555555555555
0 0.7271145833333333 0.5177175925925925 0.06992968749999999 0.031199074074074074
0 0.7271145833333333 0.5366435185185185 0.06789322916666667 0.027402777777777776
0 0.7265546875 0.556787037037037 0.06168229166666667 0.026953703703703702