1 0.24578645833333335 0.35287962962962965 0.07438541666666666 0.11687499999999999
1 0.23250781250000002 0.45567129629629627 0.053033854166666665 0.08171296296296296
1 0.1812057291666667 0.6596527777777778 0.16397135416666667 0.2961527777777778
1 0.17495833333333335 0.9006944444444445 0.09939583333333334 0.1986111111111111
1 0.6017447916666666 0.7348981481481482 0.11442708333333333 0.3346064814814815
1 0.7199635416666667 0.6401944444444444 0.11128125 0.18687499999999999
1 0.7433984375 0.7770138888888889 0.13731770833333332 0.11329166666666667
1 0.7393619791666667 0.8538749999999999 0.12664322916666668 0.08182870370370371
1 0.7439192708333333 0.9365740740740741 0.15919010416666665 0.12685185185185185
0 0.7180390625 0.5145787037037037 0.07086197916666667 0.031212962962962963
0 0.7182213541666667 0.5337268518518518 0.06890104166666666 0.029328703703703704
0 0.7181380208333333 0.552486111111111 0.057106770833333334 0.02962962962962963