1 0.24552604166666667 0.3519537037037037 0.07907291666666666 0.13354166666666667
1 0.23511197916666668 0.45775462962962965 0.047825520833333336 0.08125
1 0.18406770833333336 0.6566435185185184 0.1644921875 0.29846759259259265
1 0.17573958333333334 0.9018518518518519 0.1061640625 0.1962962962962963
1 0.6004427083333332 0.7409166666666667 0.11703124999999999 0.3373888888888889
1 0.7226979166666666 0.639962962962963 0.11414583333333334 0.17251851851851852
1 0.7448307291666667 0.7911435185185185 0.1427864583333333 0.15543055555555557
1 0.7366276041666667 0.847162037037037 0.1341953125 0.09155092592592592
1 0.7449609375 0.9377314814814814 0.16127343749999998 0.12453703703703704
0 0.7194088541666667 0.5134675925925926 0.07045052083333332 0.03174074074074074
0 0.7189427083333333 0.5334166666666667 0.0685546875 0.029347222222222222
0 0.7188645833333334 0.5519953703703704 0.057140624999999994 0.02878240740740741