1 0.2464375 0.35241666666666666 0.07308333333333333 0.12520833333333334
1 0.23407031250000002 0.45752314814814815 0.0457421875 0.08541666666666667
1 0.18459114583333333 0.6573379629629629 0.1551171875 0.2859629629629629
1 0.17678125 0.9006944444444445 0.10824739583333334 0.1986111111111111
1 0.5992708333333333 0.7390648148148149 0.11729166666666666 0.3336851851851852
1 0.7233489583333333 0.6418148148148148 0.11284374999999999 0.17622222222222222
1 0.7432682291666667 0.797162037037037 0.13966145833333332 0.13968981481481482
1 0.7256927083333333 0.7999351851851851 0.13315364583333333 0.12672685185185187
1 0.7482161458333334 0.9331018518518519 0.15476302083333332 0.1337962962962963
0 0.7217473958333334 0.5173333333333333 0.07185677083333333 0.028675925925925924
0 0.7210338541666667 0.5318935185185185 0.06839583333333334 0.027050925925925926
0 0.7209348958333333 0.5538749999999999 0.058020833333333334 0.02940740740740741