1 0.25880729166666666 0.35635648148148147 0.06917447916666666 0.12844907407407408
1 0.24878125 0.4619212962962963 0.041315104166666665 0.08032407407407408
1 0.19708854166666667 0.6659027777777777 0.15928124999999999 0.29847222222222225
1 0.1929244791666667 0.9018518518518519 0.09886979166666668 0.1962962962962963
1 0.39603385416666664 0.5818518518518518 0.10925260416666666 0.1257361111111111
1 0.6105963541666667 0.7395277777777778 0.12171614583333333 0.3438703703703704
1 0.7306406249999999 0.6432037037037037 0.11701041666666666 0.16974074074074075
1 0.7512109375 0.7980879629629629 0.1425234375 0.14154166666666668
1 0.7556354166666667 0.9342592592592592 0.1565859375 0.13148148148148148
0 0.7272213541666667 0.5207499999999999 0.06979427083333332 0.03153703703703704
0 0.7269713541666667 0.5378796296296297 0.06828645833333334 0.027333333333333334
0 0.7261145833333333 0.5593055555555555 0.06557031249999999 0.028148148148148148