1 0.2517760416666667 0.3533425925925926 0.07073958333333333 0.1270601851851852
1 0.2411015625 0.4568287037037037 0.0441796875 0.07939814814814815
1 0.18992708333333336 0.6582638888888889 0.16319010416666666 0.3063425925925926
1 0.1851119791666667 0.9030092592592592 0.10408072916666668 0.19398148148148148
1 0.6577291666666666 0.7760925925925926 0.1378515625 0.1484814814814815
1 0.608515625 0.7388333333333333 0.11754947916666666 0.33785185185185185
1 0.7273854166666667 0.6464444444444444 0.11310416666666666 0.16696296296296295
1 0.7486067708333334 0.7904444444444444 0.13731770833333332 0.14941203703703704
1 0.7519895833333333 0.9261574074074074 0.15971093749999998 0.1476851851851852
0 0.7241145833333333 0.51525 0.06976041666666667 0.030342592592592595
0 0.7240651041666666 0.534875 0.06868229166666667 0.030828703703703705
0 0.7240052083333333 0.5526481481481481 0.056065104166666664 0.02978703703703704