1 0.24865104166666668 0.3524212962962963 0.06448958333333334 0.1215
1 0.24383333333333335 0.45775462962962965 0.04704427083333333 0.08125
1 0.19135937500000003 0.6608101851851852 0.1582421875 0.2975416666666667
1 0.18719531250000002 0.9011157407407407 0.10824479166666667 0.19481944444444443
1 0.6305182291666667 0.7631249999999999 0.1381171875 0.14106944444444444
1 0.60734375 0.737212962962963 0.11780989583333333 0.3485
1 0.7289479166666666 0.6397314814814814 0.11622916666666666 0.17668518518518517
1 0.7480859375000001 0.802949074074074 0.13627604166666665 0.1466388888888889
1 0.75225 0.9296296296296296 0.1550234375 0.14074074074074075
0 0.7245104166666666 0.5165787037037036 0.06921875000000001 0.03294444444444444
0 0.7238671875 0.5355833333333333 0.06854687500000001 0.029694444444444443
0 0.7241432291666666 0.5548564814814815 0.05871354166666667 0.030240740740740738