1 0.256984375 0.3551990740740741 0.07073697916666667 0.13076388888888887
1 0.24565625000000002 0.46585648148148145 0.04548177083333334 0.08356944444444445
1 0.19591666666666668 0.6575694444444444 0.15954166666666666 0.30031944444444447
1 0.18953906250000002 0.9018518518518519 0.10772395833333334 0.1962962962962963
1 0.43821614583333335 0.6119490740740741 0.120703125 0.13963425925925926
1 0.6095572916666666 0.737212962962963 0.11963281249999999 0.3485
1 0.7281666666666666 0.6473703703703704 0.10945833333333334 0.16881944444444444
1 0.7512109375 0.7953101851851851 0.132109375 0.15450462962962963
1 0.7608437499999999 0.9331018518518519 0.15658333333333332 0.1337962962962963
0 0.7265963541666667 0.5169351851851851 0.07102864583333333 0.025097222222222222
0 0.7261510416666667 0.5363842592592593 0.07082552083333334 0.029967592592592594
0 0.7255703125 0.5576481481481481 0.05667708333333333 0.031185185185185184